AUPRC = 0.5805616033931799
AUROC = 0.6434457908694153
RP80 = 0.006968641114982578
eval_accuracy = 0.5625216487703498
eval_loss = 1.6631610418085705
global_step = 0
training loss = 0.1710594649198484
